"V1","V2","V3","V4","V5","V6","V7","V8","V9","V10"
0.838499184339315,0.814705882352941,0.68421052631579,0.771513353115727,0.613026819923372,0.785185185185185,0.818035426731079,0.786450662739323,0.441321152494729,0.853503184713376
0.73209549071618,0.715328467153285,0.576837416481069,0.65675057208238,0.520547945205479,0.724226804123711,0.705276705276705,0.612371134020619,0.345537757437071,0.768809849521204
0.692695214105793,0.720677146311971,0.664197530864198,0.72366790582404,0.643391521197007,0.665168539325843,0.670673076923077,0.723763570566948,0.699570815450644,0.682808716707022
0.643356643356643,0.404737732656514,0.506114769520226,0.413158825610187,0.55077086656034,0.429920116194626,0.341733251382913,0.390339425587467,0.503888024883359,0.473949579831933
0.73112582781457,0.60446247464503,0.585418933623504,0.586934673366834,0.38300935925126,0.636559139784946,0.723735408560311,0.545454545454545,0.0703699754771298,0.628888888888889
0.549800796812749,0.60446247464503,0.395879323031641,0.586934673366834,0.224832214765101,0.636559139784946,0.559118236472946,0.545454545454545,0.0703699754771298,0.628888888888889
0.921273031825796,0,0.904854368932039,0.956217162872154,0,0,0.946459412780656,0,0.517543859649123,0
0.10285926476049,0.112026976395654,0.107064676616915,0.113852729745483,0.105949792449101,0.108739281153074,0.103736754043503,0.114068441064639,0.796147672552167,0.106151537884471
0.963235294117647,0.964467005076142,0.924460431654676,0.957698815566836,0.853932584269663,0.925750394944708,0.953271028037383,0.971993410214168,0.857938718662952,0.952542372881356
