"V1","V2","V3","V4","V5","V6","V7","V8","V9","V10"
0.825301204819277,0.574074074074074,0.567198177676538,0.378787878787879,0.147279081377933,0.580168776371308,0.465313028764805,0.644549763033175,0.73015873015873,0.633838383838384
0.558052434456929,0.466911764705882,0.39454806312769,0.28133704735376,0.0610094287298946,0.471571906354515,0.356265356265356,0.415147265077139,0.46875,0.503731343283582
0.562730627306273,0.4860853432282,0.508771929824561,0.532663316582915,0.462992125984252,0.510998307952623,0.525684931506849,0.530864197530864,0.518867924528302,0.491949910554562
0.264199655765921,0.432565789473684,0.287419194430632,0.233296419342931,0.178851963746224,0.230769230769231,0.223029422448238,0.378378378378378,0.306326304106548,0.445161290322581
0.47581903276131,0.650632911392405,0.452978056426332,0.277391304347826,0.0245504300234558,0.499165275459099,0.441091954022989,0.43731778425656,0.54728370221328,0.491978609625668
0.47581903276131,0.46113074204947,0.326576576576577,0.277391304347826,0.0245504300234558,0.499165275459099,0.287174721189591,0.43731778425656,0.392351274787535,0.491978609625668
0,0,0.883870967741936,0,0.911111111111111,0,0,0,0.990909090909091,0
0.0479837449202876,0.0420340050377834,0.0475490196078431,0.054375531011045,0.8,0.0482497634815516,0.0513075140681893,0.0484335038363171,0.043640897755611,0.0432840418977203
0.876080691642651,0.908424908424908,0.854984894259819,0.873198847262248,0.803333333333333,0.910596026490066,0.873493975903614,0.939597315436242,0.871710526315789,0.892976588628763
