"V1","V2","V3","V4","V5","V6","V7","V8","V9","V10"
0.934931506849315,0.96875,0.869565217391304,0.836065573770492,0.855305466237942,0.87248322147651,0.86984126984127,0.923357664233577,0.885245901639344,0.969283276450512
0.979452054794521,0.972222222222222,0.986622073578595,0.99344262295082,0.971061093247588,0.963087248322148,0.958730158730159,0.970802919708029,0.960655737704918,0.890784982935154
1,0.996527777777778,1,0.99672131147541,0.993569131832797,1,1,0.996350364963504,0.99016393442623,0.996587030716723
1,0.993055555555556,0.996655518394649,1,0.990353697749196,1,0.996825396825397,1,1,0.986348122866894
0.996575342465753,1,1,0.99672131147541,0.996784565916399,1,1,1,0.986885245901639,1
1,1,1,0.99672131147541,0.996784565916399,1,1,1,0.99016393442623,1
0.852739726027397,0,0,0,0.935691318327974,0.98993288590604,0.993650793650794,0.87956204379562,0.954098360655738,0.279863481228669
1,1,1,1,1,1,1,1,1,0.389078498293515
0.910958904109589,0.791666666666667,0.879598662207358,0.822950819672131,0.871382636655949,0.902684563758389,0.911111111111111,0.740875912408759,0.911475409836066,0.699658703071672
